4 -0.0018692
4.0195 -0.0027896
4.0391 -0.0038422
4.0586 -0.0049915
4.0781 -0.006197
4.0977 -0.0074146
4.1172 -0.0085981
4.1367 -0.0097008
4.1563 -0.010677
4.1758 -0.011482
4.1953 -0.012077
4.2148 -0.012428
4.2344 -0.012504
4.2539 -0.012285
4.2734 -0.011756
4.293 -0.010909
4.3125 -0.0097459
4.332 -0.0082752
4.3516 -0.0065122
4.3711 -0.0044792
4.3906 -0.0022042
4.4102 0.00028025
4.4297 0.0029372
4.4492 0.0057267
4.4688 0.0086069
4.4883 0.011534
4.5078 0.014464
4.5273 0.017352
4.5469 0.020153
4.5664 0.022823
4.5859 0.025316
4.6055 0.027587
4.625 0.02959
4.6445 0.031278
4.6641 0.0326
4.6836 0.033505
4.7031 0.033939
4.7227 0.033846
4.7422 0.033166
4.7617 0.031838
4.7813 0.029799
4.8008 0.026989
4.8203 0.023346
4.8398 0.018818
4.8594 0.013357
4.8789 0.0069256
4.8984 -0.00049665
4.918 -0.0089137
4.9375 -0.018307
4.957 -0.02863
4.9766 -0.03981
4.9961 -0.051736
5.0156 -0.064264
5.0352 -0.077212
5.0547 -0.090355
5.0742 -0.10343
5.0938 -0.11615
5.1133 -0.12816
5.1328 -0.13911
5.1523 -0.1486
5.1719 -0.15622
5.1914 -0.16157
5.2109 -0.16421
5.2305 -0.16375
5.25 -0.1598
5.2695 -0.15204
5.2891 -0.14017
5.3086 -0.12396
5.3281 -0.10327
5.3477 -0.078054
5.3672 -0.048353
5.3867 -0.014328
5.4063 0.023744
5.4258 0.065462
5.4453 0.1103
5.4648 0.15762
5.4844 0.20664
5.5039 0.25649
5.5234 0.30619
5.543 0.35469
5.5625 0.40087
5.582 0.44356
5.6016 0.48158
5.6211 0.51376
5.6406 0.53897
5.6602 0.55614
5.6797 0.5643
5.6992 0.56262
5.7188 0.55041
5.7383 0.52716
5.7578 0.4926
5.7773 0.44664
5.7969 0.38945
5.8164 0.32146
5.8359 0.24336
5.8555 0.15607
5.875 0.060789
5.8945 -0.041072
5.9141 -0.14787
5.9336 -0.25779
5.9531 -0.36883
5.9727 -0.47889
5.9922 -0.5858
6.0117 -0.68731
6.0313 -0.78124
6.0508 -0.86543
6.0703 -0.93785
6.0898 -0.99663
6.1094 -1.0401
6.1289 -1.0669
6.1484 -1.0759
6.168 -1.0662
6.1875 -1.0376
6.207 -0.98988
6.2266 -0.92344
6.2461 -0.83903
6.2656 -0.73777
6.2852 -0.62117
6.3047 -0.49109
6.3242 -0.34971
6.3438 -0.19952
6.3633 -0.043198
6.3828 0.11635
6.4023 0.27613
6.4219 0.43305
6.4414 0.58406
6.4609 0.72616
6.4805 0.85648
6.5 0.97238
6.5195 1.0714
6.5391 1.1516
6.5586 1.2111
6.5781 1.2487
6.5977 1.2635
6.6172 1.2552
6.6367 1.2236
6.6563 1.1695
6.6758 1.0939
6.6953 0.99812
6.7148 0.88418
6.7344 0.75433
6.7539 0.61118
6.7734 0.45761
6.793 0.29674
6.8125 0.13182
6.832 -0.033798
6.8516 -0.19678
6.8711 -0.35384
6.8906 -0.50183
6.9102 -0.63782
6.9297 -0.75911
6.9492 -0.86337
6.9688 -0.94862
6.9883 -1.0133
7.0078 -1.0562
7.0273 -1.0768
7.0469 -1.0749
7.0664 -1.0507
7.0859 -1.0051
7.1055 -0.93919
7.125 -0.85465
7.1445 -0.75347
7.1641 -0.63798
7.1836 -0.51076
7.2031 -0.37464
7.2227 -0.23256
7.2422 -0.087577
7.2617 0.057259
7.2813 0.19894
7.3008 0.33456
7.3203 0.46141
7.3398 0.57699
7.3594 0.67908
7.3789 0.76578
7.3984 0.83556
7.418 0.88724
7.4375 0.92006
7.457 0.93365
7.4766 0.92804
7.4961 0.90367
7.5156 0.86133
7.5352 0.80217
7.5547 0.72766
7.5742 0.63953
7.5938 0.53975
7.6133 0.43047
7.6328 0.31398
7.6523 0.19267
7.6719 0.068922
7.6914 -0.05486
7.7109 -0.17636
7.7305 -0.29335
7.75 -0.40379
7.7695 -0.50578
7.7891 -0.59768
7.8086 -0.67806
7.8281 -0.74578
7.8477 -0.79994
7.8672 -0.83995
7.8867 -0.86549
7.9063 -0.87651
7.9258 -0.87322
7.9453 -0.85609
7.9648 -0.82582
7.9844 -0.7833
8.0039 -0.72961
8.0234 -0.66597
8.043 -0.59372
8.0625 -0.5143
8.082 -0.42919
8.1016 -0.33992
8.1211 -0.248
8.1406 -0.15492
8.1602 -0.062115
8.1797 0.029039
8.1992 0.11727
8.2188 0.20143
8.2383 0.28045
8.2578 0.35344
8.2773 0.41962
8.2969 0.47834
8.3164 0.52913
8.3359 0.57162
8.3555 0.6056
8.375 0.63098
8.3945 0.64779
8.4141 0.65619
8.4336 0.65642
8.4531 0.64883
8.4727 0.63384
8.4922 0.61195
8.5117 0.58371
8.5313 0.54971
8.5508 0.51061
8.5703 0.46706
8.5898 0.41974
8.6094 0.36936
8.6289 0.31659
8.6484 0.26213
8.668 0.20664
8.6875 0.15079
8.707 0.095189
8.7266 0.040448
8.7461 -0.012872
8.7656 -0.064243
8.7852 -0.11318
8.8047 -0.15924
8.8242 -0.20202
8.8438 -0.24118
8.8633 -0.27642
8.8828 -0.3075
8.9023 -0.33421
8.9219 -0.35641
8.9414 -0.37403
8.9609 -0.38701
8.9805 -0.39538
9 -0.39919
9.0195 -0.39858
9.0391 -0.39369
9.0586 -0.38473
9.0781 -0.37194
9.0977 -0.35561
9.1172 -0.33604
9.1367 -0.31357
9.1563 -0.28857
9.1758 -0.26141
9.1953 -0.23249
9.2148 -0.20219
9.2344 -0.17092
9.2539 -0.13908
9.2734 -0.10704
9.293 -0.075169
9.3125 -0.043828
9.332 -0.013345
9.3516 0.015978
9.3711 0.043865
9.3906 0.07007
9.4102 0.094381
9.4297 0.11662
9.4492 0.13663
9.4688 0.15432
9.4883 0.16959
9.5078 0.1824
9.5273 0.19273
9.5469 0.2006
9.5664 0.20603
9.5859 0.20909
9.6055 0.20987
9.625 0.20845
9.6445 0.20496
9.6641 0.19953
9.6836 0.1923
9.7031 0.18342
9.7227 0.17304
9.7422 0.16134
9.7617 0.14847
9.7813 0.13462
9.8008 0.11994
9.8203 0.1046
9.8398 0.088787
9.8594 0.072655
9.8789 0.056371
9.8984 0.040097
9.918 0.023988
9.9375 0.008198
9.957 -0.007128
9.9766 -0.02185
9.9961 -0.035836
10.016 -0.048961
10.035 -0.061112
10.055 -0.072186
10.074 -0.082089
10.094 -0.090743
10.113 -0.098082
10.133 -0.10406
10.152 -0.10863
10.172 -0.11179
10.191 -0.11353
10.211 -0.11386
10.23 -0.11283
10.25 -0.11048
10.27 -0.10688
10.289 -0.10211
10.309 -0.096273
10.328 -0.089475
10.348 -0.08184
10.367 -0.073499
10.387 -0.064591
10.406 -0.055259
10.426 -0.045649
10.445 -0.035907
10.465 -0.026176
10.484 -0.016594
10.504 -0.0072925
10.523 0.0016082
10.543 0.0099978
10.563 0.017779
10.582 0.02487
10.602 0.031202
10.621 0.036725
10.641 0.041401
10.66 0.045211
10.68 0.048152
10.699 0.050233
10.719 0.051478
10.738 0.051923
10.758 0.051616
10.777 0.050613
10.797 0.048977
10.816 0.046777
10.836 0.044088
10.855 0.040983
10.875 0.037538
10.895 0.033829
10.914 0.029928
10.934 0.025903
10.953 0.021819
10.973 0.017737
10.992 0.01371
11.012 0.0097869
11.031 0.0060113
11.051 0.0024202
11.07 -0.00095414
11.09 -0.0040846
11.109 -0.0069485
11.129 -0.0095272
11.148 -0.011806
11.168 -0.013772
11.188 -0.015416
11.207 -0.016731
11.227 -0.017712
11.246 -0.018355
11.266 -0.01866
11.285 -0.018627
11.305 -0.018257
11.324 -0.017557
11.344 -0.016533
11.363 -0.015196
11.383 -0.01356
11.402 -0.011643
11.422 -0.0094663
11.441 -0.0070556
11.461 -0.0044416
11.48 -0.001659
11.5 0.0012529
11.52 0.0042508
11.539 0.0072878
11.559 0.010314
11.578 0.013276
11.598 0.016122
11.617 0.018796
11.637 0.021245
11.656 0.023417
11.676 0.025263
11.695 0.026738
11.715 0.027803
11.734 0.028425
11.754 0.028579
11.773 0.028246
11.793 0.027418
11.813 0.026096
11.832 0.02429
11.852 0.022018
11.871 0.01931
11.891 0.016202
11.91 0.012739
11.93 0.0089749
11.949 0.0049666
11.969 0.00077737
11.988 -0.0035262
12.008 -0.0078757
12.027 -0.012202
12.047 -0.016437
12.066 -0.020514
12.086 -0.024372
12.105 -0.027951
12.125 -0.031201
12.145 -0.034076
12.164 -0.036538
12.184 -0.038556
12.203 -0.040109
12.223 -0.041182
12.242 -0.04177
12.262 -0.041873
12.281 -0.041501
12.301 -0.040669
12.32 -0.039397
12.34 -0.037712
12.359 -0.035643
12.379 -0.033224
12.398 -0.030491
12.418 -0.02748
12.438 -0.024229
12.457 -0.020777
12.477 -0.01716
12.496 -0.013415
12.516 -0.0095778
12.535 -0.0056821
12.555 -0.00176
12.574 0.0021575
12.594 0.0060409
12.613 0.0098622
12.633 0.013594
12.652 0.01721
12.672 0.020685
12.691 0.023992
12.711 0.027107
12.73 0.030004
12.75 0.032657
12.77 0.035042
12.789 0.037132
12.809 0.038904
12.828 0.040335
12.848 0.0414
12.867 0.04208
12.887 0.042357
12.906 0.042215
12.926 0.041643
12.945 0.040633
12.965 0.039185
12.984 0.0373
13.004 0.034988
13.023 0.032265
13.043 0.029151
13.063 0.025676
13.082 0.021873
13.102 0.017782
13.121 0.013451
13.141 0.0089293
13.16 0.0042727
13.18 -0.0004604
13.199 -0.0052091
13.219 -0.0099113
13.238 -0.014505
13.258 -0.018928
13.277 -0.023123
13.297 -0.027033
13.316 -0.030607
13.336 -0.033799
13.355 -0.036569
13.375 -0.038884
13.395 -0.040718
13.414 -0.042053
13.434 -0.042879
13.453 -0.043193
13.473 -0.043
13.492 -0.042313
13.512 -0.041151
13.531 -0.039539
13.551 -0.037508
13.57 -0.035092
13.59 -0.032331
13.609 -0.029267
13.629 -0.025943
13.648 -0.022402
13.668 -0.018691
13.688 -0.014853
13.707 -0.010931
13.727 -0.0069653
13.746 -0.0029957
13.766 0.00094148
13.785 0.0048126
13.805 0.0085868
13.824 0.012236
13.844 0.015734
13.863 0.019057
13.883 0.022186
13.902 0.025101
13.922 0.027784
13.941 0.03022
13.961 0.032394
13.98 0.034293
14 0.035902
14.02 0.03721
14.039 0.038207
14.059 0.038881
14.078 0.039223
14.098 0.039225
14.117 0.038881
14.137 0.038187
14.156 0.037141
14.176 0.035744
14.195 0.034
14.215 0.031918
14.234 0.029508
14.254 0.026787
14.273 0.023776
14.293 0.020499
14.313 0.016986
14.332 0.013271
14.352 0.0093896
14.371 0.0053847
14.391 0.0013
14.41 -0.0028178
14.43 -0.0069204
14.449 -0.010959
14.469 -0.014883
14.488 -0.018645
14.508 -0.022199
14.527 -0.025501
14.547 -0.028509
14.566 -0.031188
14.586 -0.033506
14.605 -0.035438
14.625 -0.036964
14.645 -0.038071
14.664 -0.038751
14.684 -0.039004
14.703 -0.038836
14.723 -0.038258
14.742 -0.037287
14.762 -0.035947
14.781 -0.034264
14.801 -0.032269
14.82 -0.029996
14.84 -0.02748
14.859 -0.02476
14.879 -0.021873
14.898 -0.018857
14.918 -0.015749
14.938 -0.012586
14.957 -0.0094018
14.977 -0.0062276
14.996 -0.0030927
15.016 -2.3779e-05
15.035 0.0029558
15.055 0.0058252
15.074 0.0085664
15.094 0.011164
15.113 0.013605
15.133 0.015878
15.152 0.017973
15.172 0.019883
15.191 0.021601
15.211 0.023119
15.23 0.024433
15.25 0.025537
15.27 0.026425
15.289 0.027093
15.309 0.027537
15.328 0.027751
15.348 0.027732
15.367 0.027477
15.387 0.026983
15.406 0.02625
15.426 0.025279
15.445 0.024074
15.465 0.022638
15.484 0.020982
15.504 0.019115
15.523 0.017052
15.543 0.014811
15.563 0.012412
15.582 0.0098787
15.602 0.0072378
15.621 0.0045187
15.641 0.0017528
15.66 -0.0010264
15.68 -0.0037845
15.699 -0.0064864
15.719 -0.0090971
15.738 -0.011582
15.758 -0.013909
15.777 -0.016047
15.797 -0.017969
15.816 -0.019649
15.836 -0.021068
15.855 -0.022208
15.875 -0.023059
15.895 -0.023614
15.914 -0.02387
15.934 -0.023831
15.953 -0.023504
15.973 -0.022902
15.992 -0.02204
16.012 -0.020938
16.031 -0.01962
16.051 -0.018109
16.07 -0.016435
16.09 -0.014623
16.109 -0.012704
16.129 -0.010706
16.148 -0.008656
16.168 -0.0065813
16.188 -0.0045065
16.207 -0.0024545
16.227 -0.00044561
16.246 0.0015021
16.266 0.0033734
16.285 0.0051555
16.305 0.0068382
16.324 0.0084134
16.344 0.0098754
16.363 0.01122
16.383 0.012445
16.402 0.013548
16.422 0.014528
16.441 0.015386
16.461 0.016121
16.48 0.016732
16.5 0.017219
16.52 0.01758
16.539 0.017815
16.559 0.01792
16.578 0.017893
16.598 0.017732
16.617 0.017433
16.637 0.016995
16.656 0.016414
16.676 0.01569
16.695 0.014822
16.715 0.013813
16.734 0.012665
16.754 0.011384
16.773 0.0099769
16.793 0.0084547
16.813 0.0068297
16.832 0.0051166
16.852 0.0033328
16.871 0.0014978
16.891 -0.00036731
16.91 -0.0022397
16.93 -0.0040956
16.949 -0.0059105
16.969 -0.0076601
16.988 -0.0093204
17.008 -0.010868
17.027 -0.012283
17.047 -0.013544
17.066 -0.014636
17.086 -0.015544
17.105 -0.016259
17.125 -0.016772
17.145 -0.017081
17.164 -0.017186
17.184 -0.01709
17.203 -0.016802
17.223 -0.016332
17.242 -0.015693
17.262 -0.014901
17.281 -0.013976
17.301 -0.012935
17.32 -0.011799
17.34 -0.010591
17.359 -0.0093299
17.379 -0.0080368
17.398 -0.0067308
17.418 -0.0054298
17.438 -0.0041498
17.457 -0.0029048
17.477 -0.0017065
17.496 -0.00056439
17.516 0.00051442
17.535 0.001525
17.555 0.0024645
17.574 0.003332
17.594 0.0041279
17.613 0.0048542
17.633 0.0055134
17.652 0.006109
17.672 0.0066443
17.691 0.0071226
17.711 0.0075468
17.73 0.0079192
17.75 0.0082411
17.77 0.0085127
17.789 0.0087336
17.809 0.0089017
17.828 0.0090146
17.848 0.0090687
17.867 0.0090598
17.887 0.0089837
17.906 0.0088357
17.926 0.0086117
17.945 0.0083081
17.965 0.0079222
17.984 0.0074527
18.004 0.0068995
18.023 0.0062645
18.043 0.0055514
18.063 0.0047659
18.082 0.0039156
18.102 0.0030103
18.121 0.0020615
18.141 0.0010824
18.16 8.7536e-05
18.18 -0.00090746
18.199 -0.0018863
18.219 -0.0028325
18.238 -0.0037295
18.258 -0.0045618
18.277 -0.0053146
18.297 -0.0059747
18.316 -0.0065308
18.336 -0.0069737
18.355 -0.0072967
18.375 -0.0074957
18.395 -0.0075694
18.414 -0.0075191
18.434 -0.007349
18.453 -0.0070657
18.473 -0.0066783
18.492 -0.0061978
18.512 -0.0056371
18.531 -0.00501
18.551 -0.0043317
18.57 -0.0036175
18.59 -0.0028827
18.609 -0.0021423
18.629 -0.0014103
18.648 -0.00069955
18.668 -2.1225e-05
18.688 0.00061515
18.707 0.0012021
18.727 0.0017341
18.746 0.0022079
18.766 0.0026223
18.785 0.0029776
18.805 0.0032765
18.824 0.0035226
18.844 0.0037209
18.863 0.0038773
18.883 0.0039981
18.902 0.0040898
18.922 0.0041588
18.941 0.0042108
18.961 0.0042508
18.98 0.0042828
19 0.0043095
19.02 0.0043324
19.039 0.0043515
19.059 0.0043654
19.078 0.0043717
19.098 0.0043664
19.117 0.004345
19.137 0.004302
19.156 0.0042318
19.176 0.0041285
19.195 0.0039865
19.215 0.0038008
19.234 0.0035673
19.254 0.0032829
19.273 0.002946
19.293 0.0025565
19.313 0.0021161
19.332 0.0016282
19.352 0.0010978
19.371 0.00053179
19.391 -6.1606e-05
19.41 -0.00067276
19.43 -0.001291
19.449 -0.001905
19.469 -0.0025029
19.488 -0.0030728
19.508 -0.0036035
19.527 -0.004084
19.547 -0.0045047
19.566 -0.0048573
19.586 -0.0051351
19.605 -0.0053335
19.625 -0.0054497
19.645 -0.0054831
19.664 -0.0054353
19.684 -0.0053099
19.703 -0.0051126
19.723 -0.0048508
19.742 -0.0045333
19.762 -0.0041704
19.781 -0.003773
19.801 -0.0033526
19.82 -0.0029209
19.84 -0.0024893
19.859 -0.0020686
19.879 -0.0016685
19.898 -0.0012977
19.918 -0.00096324
19.938 -0.00067041
19.957 -0.00042281
19.977 -0.00022211
19.996 -6.8133e-05
20.016 4.1084e-05
20.035 0.00010912
20.055 0.00014098
20.074 0.00014284
20.094 0.00012174
20.113 8.5269e-05
20.133 4.1236e-05
20.152 -2.681e-06
20.172 -3.9251e-05
20.191 -6.1997e-05
20.211 -6.5461e-05
20.23 -4.5422e-05
20.25 9.3719e-07
20.27 7.4924e-05
20.289 0.00017629
20.309 0.00030328
20.328 0.00045267
20.348 0.00061995
20.367 0.00079954
20.387 0.00098497
20.406 0.0011692
20.426 0.001345
20.445 0.0015052
20.465 0.0016427
20.484 0.0017515
20.504 0.0018263
20.523 0.001863
20.543 0.0018588
20.563 0.0018125
20.582 0.0017245
20.602 0.0015967
20.621 0.0014327
20.641 0.0012374
20.66 0.001017
20.68 0.00077881
20.699 0.00053083
20.719 0.00028164
20.738 3.9972e-05
20.758 -0.0001856
20.777 -0.00038695
20.797 -0.00055675
20.816 -0.00068872
20.836 -0.00077787
20.855 -0.00082072
20.875 -0.0008154
20.895 -0.00076177
20.914 -0.00066138
20.934 -0.00051749
20.953 -0.00033489
20.973 -0.00011979
20.992 0.00012045
21.012 0.00037757
21.031 0.0006427
21.051 0.00090669
21.07 0.0011604
21.09 0.0013952
21.109 0.001603
21.129 0.0017767
21.148 0.0019106
21.168 0.0020002
21.188 0.0020428
21.207 0.0020373
21.227 0.0019843
21.246 0.0018859
21.266 0.0017462
21.285 0.0015702
21.305 0.0013646
21.324 0.0011366
21.344 0.00089453
21.363 0.0006467
21.383 0.00040168
21.402 0.00016771
21.422 -4.7552e-05
21.441 -0.0002373
21.461 -0.00039583
21.48 -0.00051875
21.5 -0.00060313
21.52 -0.00064757
21.539 -0.00065228
21.559 -0.00061901
21.578 -0.00055098
21.598 -0.00045275
21.617 -0.00032998
21.637 -0.00018927
21.656 -3.7801e-05
21.676 0.00011688
21.695 0.00026719
21.715 0.00040583
21.734 0.00052605
21.754 0.0006219
21.773 0.00068851
21.793 0.00072221
21.813 0.00072074
21.832 0.00068329
21.852 0.00061051
21.871 0.00050452
21.891 0.00036882
21.91 0.00020808
21.93 2.8022e-05
21.949 -0.00016484
21.969 -0.00036347
21.988 -0.0005606
22.008 -0.00074897
22.027 -0.0009217
22.047 -0.0010725
22.066 -0.001196
22.086 -0.0012878
22.105 -0.0013448
22.125 -0.0013654
22.145 -0.0013494
22.164 -0.0012979
22.184 -0.0012137
22.203 -0.0011008
22.223 -0.0009644
22.242 -0.0008106
22.262 -0.00064633
22.281 -0.00047899
22.301 -0.00031613
22.32 -0.00016521
22.34 -3.3286e-05
22.359 7.3251e-05
22.379 0.00014896
22.398 0.00018954
22.418 0.00019202
22.438 0.00015487
22.457 7.8105e-05
22.477 -3.6747e-05
22.496 -0.00018666
22.516 -0.0003672
22.535 -0.00057273
22.555 -0.00079655
22.574 -0.0010312
22.594 -0.0012686
22.613 -0.0015005
22.633 -0.0017187
22.652 -0.0019154
22.672 -0.0020834
22.691 -0.0022163
22.711 -0.002309
22.73 -0.0023576
22.75 -0.0023597
22.77 -0.0023144
22.789 -0.0022222
22.809 -0.0020855
22.828 -0.0019077
22.848 -0.0016937
22.867 -0.0014495
22.887 -0.001182
22.906 -0.00089859
22.926 -0.00060716
22.945 -0.00031556
22.965 -3.144e-05
22.984 0.00023805
23.004 0.00048653
23.023 0.00070856
23.043 0.00089989
23.063 0.0010575
23.082 0.0011799
23.102 0.0012667
23.121 0.0013193
23.141 0.0013399
23.16 0.0013322
23.18 0.0013009
23.199 0.0012514
23.219 0.0011895
23.238 0.0011214
23.258 0.0010535
23.277 0.00099164
23.297 0.00094129
23.316 0.00090719
23.336 0.00089312
23.355 0.00090176
23.375 0.00093456
23.395 0.0009917
23.414 0.001072
23.434 0.0011732
23.453 0.0012917
23.473 0.0014228
23.492 0.0015612
23.512 0.0017008
23.531 0.001835
23.551 0.0019574
23.57 0.0020615
23.59 0.0021411
23.609 0.002191
23.629 0.0022066
23.648 0.0021845
23.668 0.0021224
23.688 0.0020196
23.707 0.0018765
23.727 0.0016952
23.746 0.001479
23.766 0.0012324
23.785 0.00096126
23.805 0.00067211
23.824 0.00037234
23.844 6.9751e-05
23.863 -0.00022768
23.883 -0.00051207
23.902 -0.00077589
23.922 -0.0010123
23.941 -0.0012152
23.961 -0.0013798
23.98 -0.0015024
